00000100000000000000000000000001
01000011110111100000000000100000
01000011110111010000000000000000
01000011110111100000000000000001
01000011110111100000000000000001
10000000000111001111111111111111
00000000000111000000100000100000
10101111101000010000000000000001
10000000000111001111111111111111
00000000000111000001000000100000
10101111101000100000000000000010
10001111101000110000000000000001
10001111101001000000000000000010
00000000011001000010100000010000
00100000000001010000000000000011
10001111101001100000000000000001
10000100110111111111111111111111
00000100000000000000000000010100
10001111101001110000000000000010
10000100111111111111111111111111
11111100000000000000000000000000
